1470011998061334673
1465008140289315063
927926595681914940
1464951605295190089
927433501811302490
1464775824954757140
1464963135512514743
1464999679509921845
931032051342254080
931074986460983336
1469881920639729736
1464930124171317475
1469814450335912036
1462154146428882944
1465051103900205222
1428306370226163723
1465073235807961192
1464951523149615104
995666865382752356
1465033820846690388
1464763130893828279
1465062823662063646
1459160973855428741
1465039702200422494
1464992068773482528
1464783010590359764
1401845512797163530
1464739758763937863
1464783786096066652
950147804981002304
1355758122941153432
1464788443723858031
1465033229567394038
1464965264067268758
1341450101419147325
1252121194858283048
1465045966519537922
